 0.00000000e+00  3.06952788e+05  0.00000000e+00  2.24164985e+05 
 1.00000000e-08  3.06952788e+05  1.00000000e-08  2.24164985e+05 
 2.00000000e-08  3.06952788e+05  2.00000000e-08  2.24164985e+05 
 4.00000000e-08  3.06952788e+05  4.00000000e-08  2.24164985e+05 
 8.00000000e-08  3.06952788e+05  8.00000000e-08  2.24164985e+05 
 1.60000000e-07  3.06952788e+05  1.60000000e-07  2.24164985e+05 
 3.20000000e-07  3.06952788e+05  3.20000000e-07  2.24164985e+05 
 6.40000000e-07  3.06952788e+05  6.40000000e-07  2.24164985e+05 
 1.00000000e-06  3.06952788e+05  1.00000000e-06  2.24164985e+05 
 1.00000010e-06  3.06952788e+05  1.00000010e-06  2.24164985e+05 
 1.00000030e-06  3.06952788e+05  1.00000030e-06  2.24164985e+05 
 1.00000070e-06  3.06952788e+05  1.00000070e-06  2.24164985e+05 
 1.00000100e-06  3.06952788e+05  1.00000100e-06  2.24164985e+05 
 1.00000108e-06  3.06952788e+05  1.00000108e-06  2.24164985e+05 
 1.00000124e-06  3.06952788e+05  1.00000124e-06  2.24164985e+05 
 1.00000156e-06  3.06952788e+05  1.00000156e-06  2.24164985e+05 
 1.00000220e-06  3.06952788e+05  1.00000220e-06  2.24164985e+05 
 1.00000348e-06  3.06952788e+05  1.00000348e-06  2.24164985e+05 
 1.00000604e-06  3.06952788e+05  1.00000604e-06  2.24164985e+05 
 1.00001116e-06  3.06952788e+05  1.00001116e-06  2.24164985e+05 
 1.00002140e-06  3.06952788e+05  1.00002140e-06  2.24164985e+05 
 1.00004188e-06  3.06952788e+05  1.00004188e-06  2.24164985e+05 
 1.00008284e-06  3.06952788e+05  1.00008284e-06  2.24164985e+05 
 1.00016476e-06  3.06952788e+05  1.00016476e-06  2.24164985e+05 
 1.00032860e-06  3.06952788e+05  1.00032860e-06  2.24164985e+05 
 1.00065628e-06  3.06952788e+05  1.00065628e-06  2.24164985e+05 
 1.00131164e-06  3.06952788e+05  1.00131164e-06  2.24164985e+05 
 1.00262236e-06  3.06952788e+05  1.00262236e-06  2.24164985e+05 
 1.00458360e-06  3.06952788e+05  1.00458360e-06  2.24164985e+05 
 1.00748972e-06  3.06952788e+05  1.00748972e-06  2.24164985e+05 
 1.01330196e-06  3.06952788e+05  1.01330196e-06  2.24164985e+05 
 1.02119491e-06  3.06952788e+05  1.02119491e-06  2.24164985e+05 
 1.02884251e-06  3.06952788e+05  1.02884251e-06  2.24164985e+05 
 1.04413771e-06  3.06952788e+05  1.04413771e-06  2.24164985e+05 
 1.07472811e-06  3.06952788e+05  1.07472811e-06  2.24164985e+05 
 1.13590892e-06  3.06952788e+05  1.13590892e-06  2.24164985e+05 
 1.25827053e-06  3.06952788e+05  1.25827053e-06  2.24164985e+05 
 1.50299375e-06  3.06952788e+05  1.50299375e-06  2.24164985e+05 
 1.56417456e-06  3.06952788e+05  1.56417456e-06  2.24164985e+05 
 1.65614427e-06  3.06952788e+05  1.65614427e-06  2.24164985e+05 
 1.75459214e-06  3.06952788e+05  1.75459214e-06  2.24164985e+05 
 1.86577927e-06  3.06952788e+05  1.86577927e-06  2.24164985e+05 
 2.06157369e-06  3.06952788e+05  2.06157369e-06  2.24164985e+05 
 2.28714934e-06  3.06952788e+05  2.28714934e-06  2.24164985e+05 
 2.70380308e-06  3.06952788e+05  2.70380308e-06  2.24164985e+05 
 3.32013871e-06  3.06952788e+05  3.32013871e-06  2.24164985e+05 
 4.09814515e-06  3.06952788e+05  4.09814515e-06  2.24164985e+05 
 5.09814515e-06  3.06952788e+05  5.09814515e-06  2.24164985e+05 
 6.09814515e-06  3.06952788e+05  6.09814515e-06  2.24164985e+05 
 7.09814515e-06  3.06952788e+05  7.09814515e-06  2.24164985e+05 
 8.09814515e-06  3.06952788e+05  8.09814515e-06  2.24164985e+05 
 9.09814515e-06  3.06952788e+05  9.09814515e-06  2.24164985e+05 
 1.00981451e-05  3.06952788e+05  1.00981451e-05  2.24164985e+05 
 1.10981451e-05  3.06952788e+05  1.10981451e-05  2.24164985e+05 
 1.20981451e-05  3.06952788e+05  1.20981451e-05  2.24164985e+05 
 1.30981451e-05  3.06952788e+05  1.30981451e-05  2.24164985e+05 
 1.40981451e-05  3.06952788e+05  1.40981451e-05  2.24164985e+05 
 1.50981451e-05  3.06952788e+05  1.50981451e-05  2.24164985e+05 
 1.60981451e-05  3.06952788e+05  1.60981451e-05  2.24164985e+05 
 1.70981451e-05  3.06952788e+05  1.70981451e-05  2.24164985e+05 
 1.80981451e-05  3.06952788e+05  1.80981451e-05  2.24164985e+05 
 1.90981451e-05  3.06952788e+05  1.90981451e-05  2.24164985e+05 
 2.00981451e-05  3.06952788e+05  2.00981451e-05  2.24164985e+05 
 2.10981451e-05  3.06952788e+05  2.10981451e-05  2.24164985e+05 
 2.20981451e-05  3.06952788e+05  2.20981451e-05  2.24164985e+05 
 2.30981451e-05  3.06952788e+05  2.30981451e-05  2.24164985e+05 
 2.40981451e-05  3.06952788e+05  2.40981451e-05  2.24164985e+05 
 2.50981451e-05  3.06952788e+05  2.50981451e-05  2.24164985e+05 
 2.60981451e-05  3.06952788e+05  2.60981451e-05  2.24164985e+05 
 2.70981451e-05  3.06952788e+05  2.70981451e-05  2.24164985e+05 
 2.80981451e-05  3.06952788e+05  2.80981451e-05  2.24164985e+05 
 2.90981451e-05  3.06952788e+05  2.90981451e-05  2.24164985e+05 
 3.00981451e-05  3.06952788e+05  3.00981451e-05  2.24164985e+05 
 3.10981451e-05  3.06952788e+05  3.10981451e-05  2.24164985e+05 
 3.20981451e-05  3.06952788e+05  3.20981451e-05  2.24164985e+05 
 3.30981451e-05  3.06952788e+05  3.30981451e-05  2.24164985e+05 
 3.40981451e-05  3.06952788e+05  3.40981451e-05  2.24164985e+05 
 3.50981451e-05  3.06952788e+05  3.50981451e-05  2.24164985e+05 
 3.60981451e-05  3.06952788e+05  3.60981451e-05  2.24164985e+05 
 3.70981451e-05  3.06952788e+05  3.70981451e-05  2.24164985e+05 
 3.80981451e-05  3.06952788e+05  3.80981451e-05  2.24164985e+05 
 3.90981451e-05  3.06952788e+05  3.90981451e-05  2.24164985e+05 
 4.00981451e-05  3.06952788e+05  4.00981451e-05  2.24164985e+05 
 4.10981451e-05  3.06952788e+05  4.10981451e-05  2.24164985e+05 
 4.20981451e-05  3.06952788e+05  4.20981451e-05  2.24164985e+05 
 4.30981451e-05  3.06952788e+05  4.30981451e-05  2.24164985e+05 
 4.40981451e-05  3.06952788e+05  4.40981451e-05  2.24164985e+05 
 4.50981451e-05  3.06952788e+05  4.50981451e-05  2.24164985e+05 
 4.60981451e-05  3.06952788e+05  4.60981451e-05  2.24164985e+05 
 4.70981451e-05  3.06952788e+05  4.70981451e-05  2.24164985e+05 
 4.80981451e-05  3.06952788e+05  4.80981451e-05  2.24164985e+05 
 4.90981451e-05  3.06952788e+05  4.90981451e-05  2.24164985e+05 
 5.00981451e-05  3.06952788e+05  5.00981451e-05  2.24164985e+05 
 5.10981451e-05  3.06952788e+05  5.10981451e-05  2.24164985e+05 
 5.20981451e-05  3.06952788e+05  5.20981451e-05  2.24164985e+05 
 5.30981451e-05  3.06952788e+05  5.30981451e-05  2.24164985e+05 
 5.40981451e-05  3.06952788e+05  5.40981451e-05  2.24164985e+05 
 5.50981451e-05  3.06952788e+05  5.50981451e-05  2.24164985e+05 
 5.60981451e-05  3.06952788e+05  5.60981451e-05  2.24164985e+05 
 5.70981451e-05  3.06952788e+05  5.70981451e-05  2.24164985e+05 
 5.80981451e-05  3.06952788e+05  5.80981451e-05  2.24164985e+05 
 5.90981451e-05  3.06952788e+05  5.90981451e-05  2.24164985e+05 
 6.00981451e-05  3.06952788e+05  6.00981451e-05  2.24164985e+05 
 6.10981451e-05  3.06952788e+05  6.10981451e-05  2.24164985e+05 
 6.20981451e-05  3.06952788e+05  6.20981451e-05  2.24164985e+05 
 6.30981451e-05  3.06952788e+05  6.30981451e-05  2.24164985e+05 
 6.40981451e-05  3.06952788e+05  6.40981451e-05  2.24164985e+05 
 6.50981451e-05  3.06952788e+05  6.50981451e-05  2.24164985e+05 
 6.60981451e-05  3.06952788e+05  6.60981451e-05  2.24164985e+05 
 6.70981451e-05  3.06952788e+05  6.70981451e-05  2.24164985e+05 
 6.80981451e-05  3.06952788e+05  6.80981451e-05  2.24164985e+05 
 6.90981451e-05  3.06952788e+05  6.90981451e-05  2.24164985e+05 
 7.00981451e-05  3.06952788e+05  7.00981451e-05  2.24164985e+05 
 7.10981451e-05  3.06952788e+05  7.10981451e-05  2.24164985e+05 
 7.20981451e-05  3.06952788e+05  7.20981451e-05  2.24164985e+05 
 7.30981451e-05  3.06952788e+05  7.30981451e-05  2.24164985e+05 
 7.40981451e-05  3.06952788e+05  7.40981451e-05  2.24164985e+05 
 7.50981451e-05  3.06952788e+05  7.50981451e-05  2.24164985e+05 
 7.60981451e-05  3.06952788e+05  7.60981451e-05  2.24164985e+05 
 7.70981451e-05  3.06952788e+05  7.70981451e-05  2.24164985e+05 
 7.80981451e-05  3.06952788e+05  7.80981451e-05  2.24164985e+05 
 7.90981451e-05  3.06952788e+05  7.90981451e-05  2.24164985e+05 
 8.00981451e-05  3.06952788e+05  8.00981451e-05  2.24164985e+05 
 8.10981451e-05  3.06952788e+05  8.10981451e-05  2.24164985e+05 
 8.20981451e-05  3.06952788e+05  8.20981451e-05  2.24164985e+05 
 8.30981451e-05  3.06952788e+05  8.30981451e-05  2.24164985e+05 
 8.40981451e-05  3.06952788e+05  8.40981451e-05  2.24164985e+05 
 8.50981451e-05  3.06952788e+05  8.50981451e-05  2.24164985e+05 
 8.60981451e-05  3.06952788e+05  8.60981451e-05  2.24164985e+05 
 8.70981451e-05  3.06952788e+05  8.70981451e-05  2.24164985e+05 
 8.80981451e-05  3.06952788e+05  8.80981451e-05  2.24164985e+05 
 8.90981451e-05  3.06952788e+05  8.90981451e-05  2.24164985e+05 
 9.00981451e-05  3.06952788e+05  9.00981451e-05  2.24164985e+05 
 9.10981451e-05  3.06952788e+05  9.10981451e-05  2.24164985e+05 
 9.20981451e-05  3.06952788e+05  9.20981451e-05  2.24164985e+05 
 9.30981451e-05  3.06952788e+05  9.30981451e-05  2.24164985e+05 
 9.40981451e-05  3.06952788e+05  9.40981451e-05  2.24164985e+05 
 9.50981451e-05  3.06952788e+05  9.50981451e-05  2.24164985e+05 
 9.60981451e-05  3.06952788e+05  9.60981451e-05  2.24164985e+05 
 9.70981451e-05  3.06952788e+05  9.70981451e-05  2.24164985e+05 
 9.80981451e-05  3.06952788e+05  9.80981451e-05  2.24164985e+05 
 9.90981451e-05  3.06952788e+05  9.90981451e-05  2.24164985e+05 
 1.00098145e-04  3.06952788e+05  1.00098145e-04  2.24164985e+05 
 1.01098145e-04  3.06952788e+05  1.01098145e-04  2.24164985e+05 
 1.02098145e-04  3.06952788e+05  1.02098145e-04  2.24164985e+05 
 1.03098145e-04  3.06952788e+05  1.03098145e-04  2.24164985e+05 
 1.04098145e-04  3.06952788e+05  1.04098145e-04  2.24164985e+05 
 1.05098145e-04  3.06952788e+05  1.05098145e-04  2.24164985e+05 
 1.06098145e-04  3.06952788e+05  1.06098145e-04  2.24164985e+05 
 1.07098145e-04  3.06952788e+05  1.07098145e-04  2.24164985e+05 
 1.08098145e-04  3.06952788e+05  1.08098145e-04  2.24164985e+05 
 1.09098145e-04  3.06952788e+05  1.09098145e-04  2.24164985e+05 
 1.10098145e-04  3.06952788e+05  1.10098145e-04  2.24164985e+05 
 1.11098145e-04  3.06952788e+05  1.11098145e-04  2.24164985e+05 
 1.12098145e-04  3.06952788e+05  1.12098145e-04  2.24164985e+05 
 1.13098145e-04  3.06952788e+05  1.13098145e-04  2.24164985e+05 
 1.14098145e-04  3.06952788e+05  1.14098145e-04  2.24164985e+05 
 1.15098145e-04  3.06952788e+05  1.15098145e-04  2.24164985e+05 
 1.16098145e-04  3.06952788e+05  1.16098145e-04  2.24164985e+05 
 1.17098145e-04  3.06952788e+05  1.17098145e-04  2.24164985e+05 
 1.18098145e-04  3.06952788e+05  1.18098145e-04  2.24164985e+05 
 1.19098145e-04  3.06952788e+05  1.19098145e-04  2.24164985e+05 
 1.20098145e-04  3.06952788e+05  1.20098145e-04  2.24164985e+05 
 1.21098145e-04  3.06952788e+05  1.21098145e-04  2.24164985e+05 
 1.22098145e-04  3.06952788e+05  1.22098145e-04  2.24164985e+05 
 1.23098145e-04  3.06952788e+05  1.23098145e-04  2.24164985e+05 
 1.24098145e-04  3.06952788e+05  1.24098145e-04  2.24164985e+05 
 1.25098145e-04  3.06952788e+05  1.25098145e-04  2.24164985e+05 
 1.26098145e-04  3.06952788e+05  1.26098145e-04  2.24164985e+05 
 1.27098145e-04  3.06952788e+05  1.27098145e-04  2.24164985e+05 
 1.28098145e-04  3.06952788e+05  1.28098145e-04  2.24164985e+05 
 1.29098145e-04  3.06952788e+05  1.29098145e-04  2.24164985e+05 
 1.30098145e-04  3.06952788e+05  1.30098145e-04  2.24164985e+05 
 1.31098145e-04  3.06952788e+05  1.31098145e-04  2.24164985e+05 
 1.32098145e-04  3.06952788e+05  1.32098145e-04  2.24164985e+05 
 1.33098145e-04  3.06952788e+05  1.33098145e-04  2.24164985e+05 
 1.34098145e-04  3.06952788e+05  1.34098145e-04  2.24164985e+05 
 1.35098145e-04  3.06952788e+05  1.35098145e-04  2.24164985e+05 
 1.36098145e-04  3.06952788e+05  1.36098145e-04  2.24164985e+05 
 1.37098145e-04  3.06952788e+05  1.37098145e-04  2.24164985e+05 
 1.38098145e-04  3.06952788e+05  1.38098145e-04  2.24164985e+05 
 1.39098145e-04  3.06952788e+05  1.39098145e-04  2.24164985e+05 
 1.40098145e-04  3.06952788e+05  1.40098145e-04  2.24164985e+05 
 1.41098145e-04  3.06952788e+05  1.41098145e-04  2.24164985e+05 
 1.42098145e-04  3.06952788e+05  1.42098145e-04  2.24164985e+05 
 1.43098145e-04  3.06952788e+05  1.43098145e-04  2.24164985e+05 
 1.44098145e-04  3.06952788e+05  1.44098145e-04  2.24164985e+05 
 1.45098145e-04  3.06952788e+05  1.45098145e-04  2.24164985e+05 
 1.46098145e-04  3.06952788e+05  1.46098145e-04  2.24164985e+05 
 1.47098145e-04  3.06952788e+05  1.47098145e-04  2.24164985e+05 
 1.48098145e-04  3.06952788e+05  1.48098145e-04  2.24164985e+05 
 1.49098145e-04  3.06952788e+05  1.49098145e-04  2.24164985e+05 
 1.50098145e-04  3.06952788e+05  1.50098145e-04  2.24164985e+05 
 1.51098145e-04  3.06952788e+05  1.51098145e-04  2.24164985e+05 
 1.52098145e-04  3.06952788e+05  1.52098145e-04  2.24164985e+05 
 1.53098145e-04  3.06952788e+05  1.53098145e-04  2.24164985e+05 
 1.54098145e-04  3.06952788e+05  1.54098145e-04  2.24164985e+05 
 1.55098145e-04  3.06952788e+05  1.55098145e-04  2.24164985e+05 
 1.56098145e-04  3.06952788e+05  1.56098145e-04  2.24164985e+05 
 1.57098145e-04  3.06952788e+05  1.57098145e-04  2.24164985e+05 
 1.58098145e-04  3.06952788e+05  1.58098145e-04  2.24164985e+05 
 1.59098145e-04  3.06952788e+05  1.59098145e-04  2.24164985e+05 
 1.60098145e-04  3.06952788e+05  1.60098145e-04  2.24164985e+05 
 1.61098145e-04  3.06952788e+05  1.61098145e-04  2.24164985e+05 
 1.62098145e-04  3.06952788e+05  1.62098145e-04  2.24164985e+05 
 1.63098145e-04  3.06952788e+05  1.63098145e-04  2.24164985e+05 
 1.64098145e-04  3.06952788e+05  1.64098145e-04  2.24164985e+05 
 1.65098145e-04  3.06952788e+05  1.65098145e-04  2.24164985e+05 
 1.66098145e-04  3.06952788e+05  1.66098145e-04  2.24164985e+05 
 1.67098145e-04  3.06952788e+05  1.67098145e-04  2.24164985e+05 
 1.68098145e-04  3.06952788e+05  1.68098145e-04  2.24164985e+05 
 1.69098145e-04  3.06952788e+05  1.69098145e-04  2.24164985e+05 
 1.70098145e-04  3.06952788e+05  1.70098145e-04  2.24164985e+05 
 1.71098145e-04  3.06952788e+05  1.71098145e-04  2.24164985e+05 
 1.72098145e-04  3.06952788e+05  1.72098145e-04  2.24164985e+05 
 1.73098145e-04  3.06952788e+05  1.73098145e-04  2.24164985e+05 
 1.74098145e-04  3.06952788e+05  1.74098145e-04  2.24164985e+05 
 1.75098145e-04  3.06952788e+05  1.75098145e-04  2.24164985e+05 
 1.76098145e-04  3.06952788e+05  1.76098145e-04  2.24164985e+05 
 1.77098145e-04  3.06952788e+05  1.77098145e-04  2.24164985e+05 
 1.78098145e-04  3.06952788e+05  1.78098145e-04  2.24164985e+05 
 1.79098145e-04  3.06952788e+05  1.79098145e-04  2.24164985e+05 
 1.80098145e-04  3.06952788e+05  1.80098145e-04  2.24164985e+05 
 1.81098145e-04  3.06952788e+05  1.81098145e-04  2.24164985e+05 
 1.82098145e-04  3.06952788e+05  1.82098145e-04  2.24164985e+05 
 1.83098145e-04  3.06952788e+05  1.83098145e-04  2.24164985e+05 
 1.84098145e-04  3.06952788e+05  1.84098145e-04  2.24164985e+05 
 1.85098145e-04  3.06952788e+05  1.85098145e-04  2.24164985e+05 
 1.86098145e-04  3.06952788e+05  1.86098145e-04  2.24164985e+05 
 1.87098145e-04  3.06952788e+05  1.87098145e-04  2.24164985e+05 
 1.88098145e-04  3.06952788e+05  1.88098145e-04  2.24164985e+05 
 1.89098145e-04  3.06952788e+05  1.89098145e-04  2.24164985e+05 
 1.90098145e-04  3.06952788e+05  1.90098145e-04  2.24164985e+05 
 1.91098145e-04  3.06952788e+05  1.91098145e-04  2.24164985e+05 
 1.92098145e-04  3.06952788e+05  1.92098145e-04  2.24164985e+05 
 1.93098145e-04  3.06952788e+05  1.93098145e-04  2.24164985e+05 
 1.94098145e-04  3.06952788e+05  1.94098145e-04  2.24164985e+05 
 1.95098145e-04  3.06952788e+05  1.95098145e-04  2.24164985e+05 
 1.96098145e-04  3.06952788e+05  1.96098145e-04  2.24164985e+05 
 1.97098145e-04  3.06952788e+05  1.97098145e-04  2.24164985e+05 
 1.98098145e-04  3.06952788e+05  1.98098145e-04  2.24164985e+05 
 1.99098145e-04  3.06952788e+05  1.99098145e-04  2.24164985e+05 
 2.00098145e-04  3.06952788e+05  2.00098145e-04  2.24164985e+05 
 2.01000001e-04  3.06952788e+05  2.01000001e-04  2.24164985e+05 
 2.01000001e-04  3.06952788e+05  2.01000001e-04  2.24164985e+05 
 2.01000001e-04  3.06952788e+05  2.01000001e-04  2.24164985e+05 
 2.01000002e-04  3.06952788e+05  2.01000002e-04  2.24164985e+05 
 2.01000002e-04  3.06952788e+05  2.01000002e-04  2.24164985e+05 
 2.01000002e-04  3.06952788e+05  2.01000002e-04  2.24164985e+05 
 2.01000002e-04  3.06952788e+05  2.01000002e-04  2.24164985e+05 
 2.01000003e-04  3.06952788e+05  2.01000003e-04  2.24164985e+05 
 2.01000003e-04  3.06952788e+05  2.01000003e-04  2.24164985e+05 
 2.01000004e-04  3.06952788e+05  2.01000004e-04  2.24164985e+05 
 2.01000007e-04  3.06952788e+05  2.01000007e-04  2.24164985e+05 
 2.01000012e-04  3.06952788e+05  2.01000012e-04  2.24164985e+05 
 2.01000022e-04  3.06952788e+05  2.01000022e-04  2.24164985e+05 
 2.01000043e-04  3.06952788e+05  2.01000043e-04  2.24164985e+05 
 2.01000084e-04  3.06952788e+05  2.01000084e-04  2.24164985e+05 
 2.01000166e-04  3.06952788e+05  2.01000166e-04  2.24164985e+05 
 2.01000330e-04  3.06952788e+05  2.01000330e-04  2.24164985e+05 
 2.01000657e-04  3.06952788e+05  2.01000657e-04  2.24164985e+05 
 2.01001313e-04  3.06952788e+05  2.01001313e-04  2.24164985e+05 
 2.01002623e-04  3.06952788e+05  2.01002623e-04  2.24164985e+05 
 2.01004886e-04  3.06952788e+05  2.01004886e-04  2.24164985e+05 
 2.01009345e-04  3.06952788e+05  2.01009345e-04  2.24164985e+05 
 2.01014703e-04  3.06952788e+05  2.01014703e-04  2.24164985e+05 
 2.01024099e-04  3.06952788e+05  2.01024099e-04  2.24164985e+05 
 2.01042891e-04  3.06952788e+05  2.01042891e-04  2.24164985e+05 
 2.01073954e-04  3.06952788e+05  2.01073954e-04  2.24164985e+05 
 2.01136079e-04  3.06952788e+05  2.01136079e-04  2.24164985e+05 
 2.01260329e-04  3.06952788e+05  2.01260329e-04  2.24164985e+05 
 2.01508831e-04  3.06952788e+05  2.01508831e-04  2.24164985e+05 
 2.01570956e-04  3.06952788e+05  2.01570956e-04  2.24164985e+05 
 2.01695206e-04  3.06952788e+05  2.01695206e-04  2.24164985e+05 
 2.01916304e-04  3.06952788e+05  2.01916304e-04  2.24164985e+05 
 2.01944101e-04  3.06952788e+05  2.01944101e-04  2.24164985e+05 
 2.01999695e-04  3.06952788e+05  2.01999695e-04  2.24164985e+05 
 2.02110882e-04  3.06952788e+05  2.02110882e-04  2.24164985e+05 
 2.02333256e-04  3.06952788e+05  2.02333256e-04  2.24164985e+05 
 2.02713584e-04  3.06952788e+05  2.02713584e-04  2.24164985e+05 
 2.03180156e-04  3.06952788e+05  2.03180156e-04  2.24164985e+05 
 2.03754500e-04  3.06952788e+05  2.03754500e-04  2.24164985e+05 
 2.04358497e-04  3.06952788e+05  2.04358497e-04  2.24164985e+05 
 2.05358497e-04  3.06952788e+05  2.05358497e-04  2.24164985e+05 
 2.06358497e-04  3.06952788e+05  2.06358497e-04  2.24164985e+05 
 2.07358497e-04  3.06952788e+05  2.07358497e-04  2.24164985e+05 
 2.08358497e-04  3.06952788e+05  2.08358497e-04  2.24164985e+05 
 2.09358497e-04  3.06952788e+05  2.09358497e-04  2.24164985e+05 
 2.10358497e-04  3.06952788e+05  2.10358497e-04  2.24164985e+05 
 2.11358497e-04  3.06952788e+05  2.11358497e-04  2.24164985e+05 
 2.12358497e-04  3.06952788e+05  2.12358497e-04  2.24164985e+05 
 2.13358497e-04  3.06952788e+05  2.13358497e-04  2.24164985e+05 
 2.14358497e-04  3.06952788e+05  2.14358497e-04  2.24164985e+05 
 2.15358497e-04  3.06952788e+05  2.15358497e-04  2.24164985e+05 
 2.16358497e-04  3.06952788e+05  2.16358497e-04  2.24164985e+05 
 2.17358497e-04  3.06952788e+05  2.17358497e-04  2.24164985e+05 
 2.18358497e-04  3.06952788e+05  2.18358497e-04  2.24164985e+05 
 2.19358497e-04  3.06952788e+05  2.19358497e-04  2.24164985e+05 
 2.20358497e-04  3.06952788e+05  2.20358497e-04  2.24164985e+05 
 2.21358497e-04  3.06952788e+05  2.21358497e-04  2.24164985e+05 
 2.22358497e-04  3.06952788e+05  2.22358497e-04  2.24164985e+05 
 2.23358497e-04  3.06952788e+05  2.23358497e-04  2.24164985e+05 
 2.24358497e-04  3.06952788e+05  2.24358497e-04  2.24164985e+05 
 2.25358497e-04  3.06952788e+05  2.25358497e-04  2.24164985e+05 
 2.26358497e-04  3.06952788e+05  2.26358497e-04  2.24164985e+05 
 2.27358497e-04  3.06952788e+05  2.27358497e-04  2.24164985e+05 
 2.28358497e-04  3.06952788e+05  2.28358497e-04  2.24164985e+05 
 2.29358497e-04  3.06952788e+05  2.29358497e-04  2.24164985e+05 
 2.30358497e-04  3.06952788e+05  2.30358497e-04  2.24164985e+05 
 2.31358497e-04  3.06952788e+05  2.31358497e-04  2.24164985e+05 
 2.32358497e-04  3.06952788e+05  2.32358497e-04  2.24164985e+05 
 2.33358497e-04  3.06952788e+05  2.33358497e-04  2.24164985e+05 
 2.34358497e-04  3.06952788e+05  2.34358497e-04  2.24164985e+05 
 2.35358497e-04  3.06952788e+05  2.35358497e-04  2.24164985e+05 
 2.36358497e-04  3.06952788e+05  2.36358497e-04  2.24164985e+05 
 2.37358497e-04  3.06952788e+05  2.37358497e-04  2.24164985e+05 
 2.38358497e-04  3.06952788e+05  2.38358497e-04  2.24164985e+05 
 2.39358497e-04  3.06952788e+05  2.39358497e-04  2.24164985e+05 
 2.40358497e-04  3.06952788e+05  2.40358497e-04  2.24164985e+05 
 2.41358497e-04  3.06952788e+05  2.41358497e-04  2.24164985e+05 
 2.42358497e-04  3.06952788e+05  2.42358497e-04  2.24164985e+05 
 2.43358497e-04  3.06952788e+05  2.43358497e-04  2.24164985e+05 
 2.44358497e-04  3.06952788e+05  2.44358497e-04  2.24164985e+05 
 2.45358497e-04  3.06952788e+05  2.45358497e-04  2.24164985e+05 
 2.46358497e-04  3.06952788e+05  2.46358497e-04  2.24164985e+05 
 2.47358497e-04  3.06952788e+05  2.47358497e-04  2.24164985e+05 
 2.48358497e-04  3.06952788e+05  2.48358497e-04  2.24164985e+05 
 2.49358497e-04  3.06952788e+05  2.49358497e-04  2.24164985e+05 
 2.50358497e-04  3.06952788e+05  2.50358497e-04  2.24164985e+05 
 2.51358497e-04  3.06952788e+05  2.51358497e-04  2.24164985e+05 
 2.52358497e-04  3.06952788e+05  2.52358497e-04  2.24164985e+05 
 2.53358497e-04  3.06952788e+05  2.53358497e-04  2.24164985e+05 
 2.54358497e-04  3.06952788e+05  2.54358497e-04  2.24164985e+05 
 2.55358497e-04  3.06952788e+05  2.55358497e-04  2.24164985e+05 
 2.56358497e-04  3.06952788e+05  2.56358497e-04  2.24164985e+05 
 2.57358497e-04  3.06952788e+05  2.57358497e-04  2.24164985e+05 
 2.58358497e-04  3.06952788e+05  2.58358497e-04  2.24164985e+05 
 2.59358497e-04  3.06952788e+05  2.59358497e-04  2.24164985e+05 
 2.60358497e-04  3.06952788e+05  2.60358497e-04  2.24164985e+05 
 2.61358497e-04  3.06952788e+05  2.61358497e-04  2.24164985e+05 
 2.62358497e-04  3.06952788e+05  2.62358497e-04  2.24164985e+05 
 2.63358497e-04  3.06952788e+05  2.63358497e-04  2.24164985e+05 
 2.64358497e-04  3.06952788e+05  2.64358497e-04  2.24164985e+05 
 2.65358497e-04  3.06952788e+05  2.65358497e-04  2.24164985e+05 
 2.66358497e-04  3.06952788e+05  2.66358497e-04  2.24164985e+05 
 2.67358497e-04  3.06952788e+05  2.67358497e-04  2.24164985e+05 
 2.68358497e-04  3.06952788e+05  2.68358497e-04  2.24164985e+05 
 2.69358497e-04  3.06952788e+05  2.69358497e-04  2.24164985e+05 
 2.70358497e-04  3.06952788e+05  2.70358497e-04  2.24164985e+05 
 2.71358497e-04  3.06952788e+05  2.71358497e-04  2.24164985e+05 
 2.72358497e-04  3.06952788e+05  2.72358497e-04  2.24164985e+05 
 2.73358497e-04  3.06952788e+05  2.73358497e-04  2.24164985e+05 
 2.74358497e-04  3.06952788e+05  2.74358497e-04  2.24164985e+05 
 2.75358497e-04  3.06952788e+05  2.75358497e-04  2.24164985e+05 
 2.76358497e-04  3.06952788e+05  2.76358497e-04  2.24164985e+05 
 2.77358497e-04  3.06952788e+05  2.77358497e-04  2.24164985e+05 
 2.78358497e-04  3.06952788e+05  2.78358497e-04  2.24164985e+05 
 2.79358497e-04  3.06952788e+05  2.79358497e-04  2.24164985e+05 
 2.80358497e-04  3.06952788e+05  2.80358497e-04  2.24164985e+05 
 2.81358497e-04  3.06952788e+05  2.81358497e-04  2.24164985e+05 
 2.82358497e-04  3.06952788e+05  2.82358497e-04  2.24164985e+05 
 2.83358497e-04  3.06952788e+05  2.83358497e-04  2.24164985e+05 
 2.84358497e-04  3.06952788e+05  2.84358497e-04  2.24164985e+05 
 2.85358497e-04  3.06952788e+05  2.85358497e-04  2.24164985e+05 
 2.86358497e-04  3.06952788e+05  2.86358497e-04  2.24164985e+05 
 2.87358497e-04  3.06952788e+05  2.87358497e-04  2.24164985e+05 
 2.88358497e-04  3.06952788e+05  2.88358497e-04  2.24164985e+05 
 2.89358497e-04  3.06952788e+05  2.89358497e-04  2.24164985e+05 
 2.90358497e-04  3.06952788e+05  2.90358497e-04  2.24164985e+05 
 2.91358497e-04  3.06952788e+05  2.91358497e-04  2.24164985e+05 
 2.92358497e-04  3.06952788e+05  2.92358497e-04  2.24164985e+05 
 2.93358497e-04  3.06952788e+05  2.93358497e-04  2.24164985e+05 
 2.94358497e-04  3.06952788e+05  2.94358497e-04  2.24164985e+05 
 2.95358497e-04  3.06952788e+05  2.95358497e-04  2.24164985e+05 
 2.96358497e-04  3.06952788e+05  2.96358497e-04  2.24164985e+05 
 2.97358497e-04  3.06952788e+05  2.97358497e-04  2.24164985e+05 
 2.98358497e-04  3.06952788e+05  2.98358497e-04  2.24164985e+05 
 2.99358497e-04  3.06952788e+05  2.99358497e-04  2.24164985e+05 
 3.00358497e-04  3.06952788e+05  3.00358497e-04  2.24164985e+05 
 3.01358497e-04  3.06952788e+05  3.01358497e-04  2.24164985e+05 
 3.02358497e-04  3.06952788e+05  3.02358497e-04  2.24164985e+05 
 3.03358497e-04  3.06952788e+05  3.03358497e-04  2.24164985e+05 
 3.04358497e-04  3.06952788e+05  3.04358497e-04  2.24164985e+05 
 3.05358497e-04  3.06952788e+05  3.05358497e-04  2.24164985e+05 
 3.06358497e-04  3.06952788e+05  3.06358497e-04  2.24164985e+05 
 3.07358497e-04  3.06952788e+05  3.07358497e-04  2.24164985e+05 
 3.08358497e-04  3.06952788e+05  3.08358497e-04  2.24164985e+05 
 3.09358497e-04  3.06952788e+05  3.09358497e-04  2.24164985e+05 
 3.10358497e-04  3.06952788e+05  3.10358497e-04  2.24164985e+05 
 3.11358497e-04  3.06952788e+05  3.11358497e-04  2.24164985e+05 
 3.12358497e-04  3.06952788e+05  3.12358497e-04  2.24164985e+05 
 3.13358497e-04  3.06952788e+05  3.13358497e-04  2.24164985e+05 
 3.14358497e-04  3.06952788e+05  3.14358497e-04  2.24164985e+05 
 3.15358497e-04  3.06952788e+05  3.15358497e-04  2.24164985e+05 
 3.16358497e-04  3.06952788e+05  3.16358497e-04  2.24164985e+05 
 3.17358497e-04  3.06952788e+05  3.17358497e-04  2.24164985e+05 
 3.18358497e-04  3.06952788e+05  3.18358497e-04  2.24164985e+05 
 3.19358497e-04  3.06952788e+05  3.19358497e-04  2.24164985e+05 
 3.20358497e-04  3.06952788e+05  3.20358497e-04  2.24164985e+05 
 3.21358497e-04  3.06952788e+05  3.21358497e-04  2.24164985e+05 
 3.22358497e-04  3.06952788e+05  3.22358497e-04  2.24164985e+05 
 3.23358497e-04  3.06952788e+05  3.23358497e-04  2.24164985e+05 
 3.24358497e-04  3.06952788e+05  3.24358497e-04  2.24164985e+05 
 3.25358497e-04  3.06952788e+05  3.25358497e-04  2.24164985e+05 
 3.26358497e-04  3.06952788e+05  3.26358497e-04  2.24164985e+05 
 3.27358497e-04  3.06952788e+05  3.27358497e-04  2.24164985e+05 
 3.28358497e-04  3.06952788e+05  3.28358497e-04  2.24164985e+05 
 3.29358497e-04  3.06952788e+05  3.29358497e-04  2.24164985e+05 
 3.30358497e-04  3.06952788e+05  3.30358497e-04  2.24164985e+05 
 3.31358497e-04  3.06952788e+05  3.31358497e-04  2.24164985e+05 
 3.32358497e-04  3.06952788e+05  3.32358497e-04  2.24164985e+05 
 3.33358497e-04  3.06952788e+05  3.33358497e-04  2.24164985e+05 
 3.34358497e-04  3.06952788e+05  3.34358497e-04  2.24164985e+05 
 3.35358497e-04  3.06952788e+05  3.35358497e-04  2.24164985e+05 
 3.36358497e-04  3.06952788e+05  3.36358497e-04  2.24164985e+05 
 3.37358497e-04  3.06952788e+05  3.37358497e-04  2.24164985e+05 
 3.38358497e-04  3.06952788e+05  3.38358497e-04  2.24164985e+05 
 3.39358497e-04  3.06952788e+05  3.39358497e-04  2.24164985e+05 
 3.40358497e-04  3.06952788e+05  3.40358497e-04  2.24164985e+05 
 3.41358497e-04  3.06952788e+05  3.41358497e-04  2.24164985e+05 
 3.42358497e-04  3.06952788e+05  3.42358497e-04  2.24164985e+05 
 3.43358497e-04  3.06952788e+05  3.43358497e-04  2.24164985e+05 
 3.44358497e-04  3.06952788e+05  3.44358497e-04  2.24164985e+05 
 3.45358497e-04  3.06952788e+05  3.45358497e-04  2.24164985e+05 
 3.46358497e-04  3.06952788e+05  3.46358497e-04  2.24164985e+05 
 3.47358497e-04  3.06952788e+05  3.47358497e-04  2.24164985e+05 
 3.48358497e-04  3.06952788e+05  3.48358497e-04  2.24164985e+05 
 3.49358497e-04  3.06952788e+05  3.49358497e-04  2.24164985e+05 
 3.50358497e-04  3.06952788e+05  3.50358497e-04  2.24164985e+05 
 3.51358497e-04  3.06952788e+05  3.51358497e-04  2.24164985e+05 
 3.52358497e-04  3.06952788e+05  3.52358497e-04  2.24164985e+05 
 3.53358497e-04  3.06952788e+05  3.53358497e-04  2.24164985e+05 
 3.54358497e-04  3.06952788e+05  3.54358497e-04  2.24164985e+05 
 3.55358497e-04  3.06952788e+05  3.55358497e-04  2.24164985e+05 
 3.56358497e-04  3.06952788e+05  3.56358497e-04  2.24164985e+05 
 3.57358497e-04  3.06952788e+05  3.57358497e-04  2.24164985e+05 
 3.58358497e-04  3.06952788e+05  3.58358497e-04  2.24164985e+05 
 3.59358497e-04  3.06952788e+05  3.59358497e-04  2.24164985e+05 
 3.60358497e-04  3.06952788e+05  3.60358497e-04  2.24164985e+05 
 3.61358497e-04  3.06952788e+05  3.61358497e-04  2.24164985e+05 
 3.62358497e-04  3.06952788e+05  3.62358497e-04  2.24164985e+05 
 3.63358497e-04  3.06952788e+05  3.63358497e-04  2.24164985e+05 
 3.64358497e-04  3.06952788e+05  3.64358497e-04  2.24164985e+05 
 3.65358497e-04  3.06952788e+05  3.65358497e-04  2.24164985e+05 
 3.66358497e-04  3.06952788e+05  3.66358497e-04  2.24164985e+05 
 3.67358497e-04  3.06952788e+05  3.67358497e-04  2.24164985e+05 
 3.68358497e-04  3.06952788e+05  3.68358497e-04  2.24164985e+05 
 3.69358497e-04  3.06952788e+05  3.69358497e-04  2.24164985e+05 
 3.70358497e-04  3.06952788e+05  3.70358497e-04  2.24164985e+05 
 3.71358497e-04  3.06952788e+05  3.71358497e-04  2.24164985e+05 
 3.72358497e-04  3.06952788e+05  3.72358497e-04  2.24164985e+05 
 3.73358497e-04  3.06952788e+05  3.73358497e-04  2.24164985e+05 
 3.74358497e-04  3.06952788e+05  3.74358497e-04  2.24164985e+05 
 3.75358497e-04  3.06952788e+05  3.75358497e-04  2.24164985e+05 
 3.76358497e-04  3.06952788e+05  3.76358497e-04  2.24164985e+05 
 3.77358497e-04  3.06952788e+05  3.77358497e-04  2.24164985e+05 
 3.78358497e-04  3.06952788e+05  3.78358497e-04  2.24164985e+05 
 3.79358497e-04  3.06952788e+05  3.79358497e-04  2.24164985e+05 
 3.80358497e-04  3.06952788e+05  3.80358497e-04  2.24164985e+05 
 3.81358497e-04  3.06952788e+05  3.81358497e-04  2.24164985e+05 
 3.82358497e-04  3.06952788e+05  3.82358497e-04  2.24164985e+05 
 3.83358497e-04  3.06952788e+05  3.83358497e-04  2.24164985e+05 
 3.84358497e-04  3.06952788e+05  3.84358497e-04  2.24164985e+05 
 3.85358497e-04  3.06952788e+05  3.85358497e-04  2.24164985e+05 
 3.86358497e-04  3.06952788e+05  3.86358497e-04  2.24164985e+05 
 3.87358497e-04  3.06952788e+05  3.87358497e-04  2.24164985e+05 
 3.88358497e-04  3.06952788e+05  3.88358497e-04  2.24164985e+05 
 3.89358497e-04  3.06952788e+05  3.89358497e-04  2.24164985e+05 
 3.90358497e-04  3.06952788e+05  3.90358497e-04  2.24164985e+05 
 3.91358497e-04  3.06952788e+05  3.91358497e-04  2.24164985e+05 
 3.92358497e-04  3.06952788e+05  3.92358497e-04  2.24164985e+05 
 3.93358497e-04  3.06952788e+05  3.93358497e-04  2.24164985e+05 
 3.94358497e-04  3.06952788e+05  3.94358497e-04  2.24164985e+05 
 3.95358497e-04  3.06952788e+05  3.95358497e-04  2.24164985e+05 
 3.96358497e-04  3.06952788e+05  3.96358497e-04  2.24164985e+05 
 3.97358497e-04  3.06952788e+05  3.97358497e-04  2.24164985e+05 
 3.98358497e-04  3.06952788e+05  3.98358497e-04  2.24164985e+05 
 3.99358497e-04  3.06952788e+05  3.99358497e-04  2.24164985e+05 
 4.00358497e-04  3.06952788e+05  4.00358497e-04  2.24164985e+05 
 4.01000000e-04  3.06952788e+05  4.01000000e-04  2.24164985e+05 
