-4.00000000e+01  1.36527149e-06 -4.00000000e+01  2.61179460e+02 -4.00000000e+01 -3.99000000e-05 
-3.90000000e+01  1.36527149e-06 -3.90000000e+01  2.61179460e+02 -3.90000000e+01 -3.99000000e-05 
-3.80000000e+01  1.36527149e-06 -3.80000000e+01  2.61179460e+02 -3.80000000e+01 -3.99000000e-05 
-3.70000000e+01  1.36527149e-06 -3.70000000e+01  2.61179460e+02 -3.70000000e+01 -3.99000000e-05 
-3.60000000e+01  1.36527149e-06 -3.60000000e+01  2.61179460e+02 -3.60000000e+01 -3.99000000e-05 
-3.50000000e+01  1.36527149e-06 -3.50000000e+01  2.61179460e+02 -3.50000000e+01 -3.99000000e-05 
-3.40000000e+01  1.36527149e-06 -3.40000000e+01  2.61179460e+02 -3.40000000e+01 -3.99000000e-05 
-3.30000000e+01  1.36527149e-06 -3.30000000e+01  2.61179460e+02 -3.30000000e+01 -3.99000000e-05 
-3.20000000e+01  1.36527149e-06 -3.20000000e+01  2.61179460e+02 -3.20000000e+01 -3.99000000e-05 
-3.10000000e+01  1.36527149e-06 -3.10000000e+01  2.61179460e+02 -3.10000000e+01 -3.99000000e-05 
-3.00000000e+01  1.36527149e-06 -3.00000000e+01  2.61179460e+02 -3.00000000e+01 -3.99000000e-05 
-2.90000000e+01  1.36527149e-06 -2.90000000e+01  2.61179460e+02 -2.90000000e+01 -3.99000000e-05 
-2.80000000e+01  1.36527149e-06 -2.80000000e+01  2.61179460e+02 -2.80000000e+01 -3.99000000e-05 
-2.70000000e+01  1.36527149e-06 -2.70000000e+01  2.61179460e+02 -2.70000000e+01 -3.99000000e-05 
-2.60000000e+01  1.36527149e-06 -2.60000000e+01  2.61179460e+02 -2.60000000e+01 -3.99000000e-05 
-2.50000000e+01  1.36527149e-06 -2.50000000e+01  2.61179460e+02 -2.50000000e+01 -3.99000000e-05 
-2.40000000e+01  1.36527149e-06 -2.40000000e+01  2.61179460e+02 -2.40000000e+01 -3.99000000e-05 
-2.30000000e+01  1.36527149e-06 -2.30000000e+01  2.61179460e+02 -2.30000000e+01 -3.99000000e-05 
-2.20000000e+01  1.36527149e-06 -2.20000000e+01  2.61179460e+02 -2.20000000e+01 -3.99000000e-05 
-2.10000000e+01  1.36527149e-06 -2.10000000e+01  2.61179460e+02 -2.10000000e+01 -3.99000000e-05 
-2.00000000e+01  1.36527149e-06 -2.00000000e+01  2.61179460e+02 -2.00000000e+01 -3.99000000e-05 
-1.90000000e+01  1.36527149e-06 -1.90000000e+01  2.61179460e+02 -1.90000000e+01 -3.99000000e-05 
-1.80000000e+01  1.36527149e-06 -1.80000000e+01  2.61179460e+02 -1.80000000e+01 -3.99000000e-05 
-1.70000000e+01  1.36527149e-06 -1.70000000e+01  2.61179460e+02 -1.70000000e+01 -3.99000000e-05 
-1.60000000e+01  1.36527149e-06 -1.60000000e+01  2.61179460e+02 -1.60000000e+01 -3.99000000e-05 
-1.50000000e+01  1.36527149e-06 -1.50000000e+01  2.61179460e+02 -1.50000000e+01 -3.99000000e-05 
-1.40000000e+01  1.36527149e-06 -1.40000000e+01  2.61179460e+02 -1.40000000e+01 -3.99000000e-05 
-1.30000000e+01  1.36527149e-06 -1.30000000e+01  2.61179460e+02 -1.30000000e+01 -3.99000000e-05 
-1.20000000e+01  1.36527149e-06 -1.20000000e+01  2.61179460e+02 -1.20000000e+01 -3.99000000e-05 
-1.10000000e+01  1.36527149e-06 -1.10000000e+01  2.61179460e+02 -1.10000000e+01 -3.99000000e-05 
-1.00000000e+01  1.36527149e-06 -1.00000000e+01  2.61179460e+02 -1.00000000e+01 -3.99000000e-05 
-9.00000000e+00  1.36527149e-06 -9.00000000e+00  2.61179460e+02 -9.00000000e+00 -3.99000000e-05 
-8.00000000e+00  1.36527149e-06 -8.00000000e+00  2.61179460e+02 -8.00000000e+00 -3.99000000e-05 
-7.00000000e+00  1.36527149e-06 -7.00000000e+00  2.61179460e+02 -7.00000000e+00 -3.99000000e-05 
-6.00000000e+00  1.36527149e-06 -6.00000000e+00  2.61179460e+02 -6.00000000e+00 -3.99000000e-05 
-5.00000000e+00  1.36527149e-06 -5.00000000e+00  2.61179460e+02 -5.00000000e+00 -3.99000000e-05 
-4.00000000e+00  1.36527149e-06 -4.00000000e+00  2.61179460e+02 -4.00000000e+00 -3.99000000e-05 
-3.00000000e+00  1.36527149e-06 -3.00000000e+00  2.61179460e+02 -3.00000000e+00 -3.99000000e-05 
-2.00000000e+00  1.36527149e-06 -2.00000000e+00  2.61179460e+02 -2.00000000e+00 -3.99000000e-05 
-1.00000000e+00  1.36527149e-06 -1.00000000e+00  2.61179460e+02 -1.00000000e+00 -3.99000000e-05 
 0.00000000e+00  1.36527149e-06  0.00000000e+00  2.61179460e+02  0.00000000e+00 -3.99000000e-05 
 1.00000000e+00  1.36527149e-06  1.00000000e+00  2.61179460e+02  1.00000000e+00 -3.99000000e-05 
 2.00000000e+00  1.36527149e-06  2.00000000e+00  2.61179460e+02  2.00000000e+00 -3.99000000e-05 
 3.00000000e+00  1.36527149e-06  3.00000000e+00  2.61179460e+02  3.00000000e+00 -3.99000000e-05 
 4.00000000e+00  1.36527149e-06  4.00000000e+00  2.61179460e+02  4.00000000e+00 -3.99000000e-05 
 5.00000000e+00  1.36527149e-06  5.00000000e+00  2.61179460e+02  5.00000000e+00 -3.99000000e-05 
 6.00000000e+00  1.36527149e-06  6.00000000e+00  2.61179460e+02  6.00000000e+00 -3.99000000e-05 
 7.00000000e+00  1.36527149e-06  7.00000000e+00  2.61179460e+02  7.00000000e+00 -3.99000000e-05 
 8.00000000e+00  1.36527149e-06  8.00000000e+00  2.61179460e+02  8.00000000e+00 -3.99000000e-05 
 9.00000000e+00  1.36527149e-06  9.00000000e+00  2.61179460e+02  9.00000000e+00 -3.99000000e-05 
 1.00000000e+01  1.36527149e-06  1.00000000e+01  2.61179460e+02  1.00000000e+01 -3.99000000e-05 
 1.10000000e+01  1.36527149e-06  1.10000000e+01  2.61179460e+02  1.10000000e+01 -3.99000000e-05 
 1.20000000e+01  1.36527149e-06  1.20000000e+01  2.61179460e+02  1.20000000e+01 -3.99000000e-05 
 1.30000000e+01  1.36527149e-06  1.30000000e+01  2.61179460e+02  1.30000000e+01 -3.99000000e-05 
 1.40000000e+01  1.36527149e-06  1.40000000e+01  2.61179460e+02  1.40000000e+01 -3.99000000e-05 
 1.50000000e+01  1.36527149e-06  1.50000000e+01  2.61179460e+02  1.50000000e+01 -3.99000000e-05 
 1.60000000e+01  1.36527149e-06  1.60000000e+01  2.61179460e+02  1.60000000e+01 -3.99000000e-05 
 1.70000000e+01  1.36527149e-06  1.70000000e+01  2.61179460e+02  1.70000000e+01 -3.99000000e-05 
 1.80000000e+01  1.36527149e-06  1.80000000e+01  2.61179460e+02  1.80000000e+01 -3.99000000e-05 
 1.90000000e+01  1.36527149e-06  1.90000000e+01  2.61179460e+02  1.90000000e+01 -3.99000000e-05 
 2.00000000e+01  1.36527149e-06  2.00000000e+01  2.61179460e+02  2.00000000e+01 -3.99000000e-05 
 2.10000000e+01  1.36527149e-06  2.10000000e+01  2.61179460e+02  2.10000000e+01 -3.99000000e-05 
 2.20000000e+01  1.36527149e-06  2.20000000e+01  2.61179460e+02  2.20000000e+01 -3.99000000e-05 
 2.30000000e+01  1.36527149e-06  2.30000000e+01  2.61179460e+02  2.30000000e+01 -3.99000000e-05 
 2.40000000e+01  1.36527149e-06  2.40000000e+01  2.61179460e+02  2.40000000e+01 -3.99000000e-05 
 2.50000000e+01  1.36527149e-06  2.50000000e+01  2.61179460e+02  2.50000000e+01 -3.99000000e-05 
 2.60000000e+01  1.36527149e-06  2.60000000e+01  2.61179460e+02  2.60000000e+01 -3.99000000e-05 
 2.70000000e+01  1.36527149e-06  2.70000000e+01  2.61179460e+02  2.70000000e+01 -3.99000000e-05 
 2.80000000e+01  1.36527149e-06  2.80000000e+01  2.61179460e+02  2.80000000e+01 -3.99000000e-05 
 2.90000000e+01  1.36527149e-06  2.90000000e+01  2.61179460e+02  2.90000000e+01 -3.99000000e-05 
 3.00000000e+01  1.36527149e-06  3.00000000e+01  2.61179460e+02  3.00000000e+01 -3.99000000e-05 
 3.10000000e+01  1.36527149e-06  3.10000000e+01  2.61179460e+02  3.10000000e+01 -3.99000000e-05 
 3.20000000e+01  1.36527149e-06  3.20000000e+01  2.61179460e+02  3.20000000e+01 -3.99000000e-05 
 3.30000000e+01  1.36527149e-06  3.30000000e+01  2.61179460e+02  3.30000000e+01 -3.99000000e-05 
 3.40000000e+01  1.36527149e-06  3.40000000e+01  2.61179460e+02  3.40000000e+01 -3.99000000e-05 
 3.50000000e+01  1.36527149e-06  3.50000000e+01  2.61179460e+02  3.50000000e+01 -3.99000000e-05 
 3.60000000e+01  1.36527149e-06  3.60000000e+01  2.61179460e+02  3.60000000e+01 -3.99000000e-05 
 3.70000000e+01  1.36527149e-06  3.70000000e+01  2.61179460e+02  3.70000000e+01 -3.99000000e-05 
 3.80000000e+01  1.36527149e-06  3.80000000e+01  2.61179460e+02  3.80000000e+01 -3.99000000e-05 
 3.90000000e+01  1.36527149e-06  3.90000000e+01  2.61179460e+02  3.90000000e+01 -3.99000000e-05 
 4.00000000e+01  1.36527149e-06  4.00000000e+01  2.61179460e+02  4.00000000e+01 -3.99000000e-05 
 4.10000000e+01  1.36527149e-06  4.10000000e+01  2.61179460e+02  4.10000000e+01 -3.99000000e-05 
 4.20000000e+01  1.36527149e-06  4.20000000e+01  2.61179460e+02  4.20000000e+01 -3.99000000e-05 
 4.30000000e+01  1.36527149e-06  4.30000000e+01  2.61179460e+02  4.30000000e+01 -3.99000000e-05 
 4.40000000e+01  1.36527149e-06  4.40000000e+01  2.61179460e+02  4.40000000e+01 -3.99000000e-05 
 4.50000000e+01  1.36527149e-06  4.50000000e+01  2.61179460e+02  4.50000000e+01 -3.99000000e-05 
 4.60000000e+01  1.36527149e-06  4.60000000e+01  2.61179460e+02  4.60000000e+01 -3.99000000e-05 
 4.70000000e+01  1.36527149e-06  4.70000000e+01  2.61179460e+02  4.70000000e+01 -3.99000000e-05 
 4.80000000e+01  1.36527149e-06  4.80000000e+01  2.61179460e+02  4.80000000e+01 -3.99000000e-05 
 4.90000000e+01  1.36527149e-06  4.90000000e+01  2.61179460e+02  4.90000000e+01 -3.99000000e-05 
 5.00000000e+01  1.36527149e-06  5.00000000e+01  2.61179460e+02  5.00000000e+01 -3.99000000e-05 
 5.10000000e+01  1.36527149e-06  5.10000000e+01  2.61179460e+02  5.10000000e+01 -3.99000000e-05 
 5.20000000e+01  1.36527149e-06  5.20000000e+01  2.61179460e+02  5.20000000e+01 -3.99000000e-05 
 5.30000000e+01  1.36527149e-06  5.30000000e+01  2.61179460e+02  5.30000000e+01 -3.99000000e-05 
 5.40000000e+01  1.36527149e-06  5.40000000e+01  2.61179460e+02  5.40000000e+01 -3.99000000e-05 
 5.50000000e+01  1.36527149e-06  5.50000000e+01  2.61179460e+02  5.50000000e+01 -3.99000000e-05 
 5.60000000e+01  1.36527149e-06  5.60000000e+01  2.61179460e+02  5.60000000e+01 -3.99000000e-05 
 5.70000000e+01  1.36527149e-06  5.70000000e+01  2.61179460e+02  5.70000000e+01 -3.99000000e-05 
 5.80000000e+01  1.36527149e-06  5.80000000e+01  2.61179460e+02  5.80000000e+01 -3.99000000e-05 
 5.90000000e+01  1.36527149e-06  5.90000000e+01  2.61179460e+02  5.90000000e+01 -3.99000000e-05 
 6.00000000e+01  1.36527149e-06  6.00000000e+01  2.61179460e+02  6.00000000e+01 -3.99000000e-05 
 6.10000000e+01  1.36527149e-06  6.10000000e+01  2.61179460e+02  6.10000000e+01 -3.99000000e-05 
 6.20000000e+01  1.36527149e-06  6.20000000e+01  2.61179460e+02  6.20000000e+01 -3.99000000e-05 
 6.30000000e+01  1.36527149e-06  6.30000000e+01  2.61179460e+02  6.30000000e+01 -3.99000000e-05 
 6.40000000e+01  1.36527149e-06  6.40000000e+01  2.61179460e+02  6.40000000e+01 -3.99000000e-05 
 6.50000000e+01  1.36527149e-06  6.50000000e+01  2.61179460e+02  6.50000000e+01 -3.99000000e-05 
 6.60000000e+01  1.36527149e-06  6.60000000e+01  2.61179460e+02  6.60000000e+01 -3.99000000e-05 
 6.70000000e+01  1.36527149e-06  6.70000000e+01  2.61179460e+02  6.70000000e+01 -3.99000000e-05 
 6.80000000e+01  1.36527149e-06  6.80000000e+01  2.61179460e+02  6.80000000e+01 -3.99000000e-05 
 6.90000000e+01  1.36527149e-06  6.90000000e+01  2.61179460e+02  6.90000000e+01 -3.99000000e-05 
 7.00000000e+01  1.36527149e-06  7.00000000e+01  2.61179460e+02  7.00000000e+01 -3.99000000e-05 
 7.10000000e+01  1.36527149e-06  7.10000000e+01  2.61179460e+02  7.10000000e+01 -3.99000000e-05 
 7.20000000e+01  1.36527149e-06  7.20000000e+01  2.61179460e+02  7.20000000e+01 -3.99000000e-05 
 7.30000000e+01  1.36527149e-06  7.30000000e+01  2.61179460e+02  7.30000000e+01 -3.99000000e-05 
 7.40000000e+01  1.36527149e-06  7.40000000e+01  2.61179460e+02  7.40000000e+01 -3.99000000e-05 
 7.50000000e+01  1.36527149e-06  7.50000000e+01  2.61179460e+02  7.50000000e+01 -3.99000000e-05 
 7.60000000e+01  1.36527149e-06  7.60000000e+01  2.61179460e+02  7.60000000e+01 -3.99000000e-05 
 7.70000000e+01  1.36527149e-06  7.70000000e+01  2.61179460e+02  7.70000000e+01 -3.99000000e-05 
 7.80000000e+01  1.36527149e-06  7.80000000e+01  2.61179460e+02  7.80000000e+01 -3.99000000e-05 
 7.90000000e+01  1.36527149e-06  7.90000000e+01  2.61179460e+02  7.90000000e+01 -3.99000000e-05 
 8.00000000e+01  1.36527149e-06  8.00000000e+01  2.61179460e+02  8.00000000e+01 -3.99000000e-05 
 8.10000000e+01  1.36527149e-06  8.10000000e+01  2.61179460e+02  8.10000000e+01 -3.99000000e-05 
 8.20000000e+01  1.36527149e-06  8.20000000e+01  2.61179460e+02  8.20000000e+01 -3.99000000e-05 
 8.30000000e+01  1.36527149e-06  8.30000000e+01  2.61179460e+02  8.30000000e+01 -3.99000000e-05 
 8.40000000e+01  1.36527149e-06  8.40000000e+01  2.61179460e+02  8.40000000e+01 -3.99000000e-05 
 8.50000000e+01  1.36527149e-06  8.50000000e+01  2.61179460e+02  8.50000000e+01 -3.99000000e-05 
 8.60000000e+01  1.36527149e-06  8.60000000e+01  2.61179460e+02  8.60000000e+01 -3.99000000e-05 
 8.70000000e+01  1.36527149e-06  8.70000000e+01  2.61179460e+02  8.70000000e+01 -3.99000000e-05 
 8.80000000e+01  1.36527149e-06  8.80000000e+01  2.61179460e+02  8.80000000e+01 -3.99000000e-05 
 8.90000000e+01  1.36527149e-06  8.90000000e+01  2.61179460e+02  8.90000000e+01 -3.99000000e-05 
 9.00000000e+01  1.36527149e-06  9.00000000e+01  2.61179460e+02  9.00000000e+01 -3.99000000e-05 
 9.10000000e+01  1.36527149e-06  9.10000000e+01  2.61179460e+02  9.10000000e+01 -3.99000000e-05 
 9.20000000e+01  1.36527149e-06  9.20000000e+01  2.61179460e+02  9.20000000e+01 -3.99000000e-05 
 9.30000000e+01  1.36527149e-06  9.30000000e+01  2.61179460e+02  9.30000000e+01 -3.99000000e-05 
 9.40000000e+01  1.36527149e-06  9.40000000e+01  2.61179460e+02  9.40000000e+01 -3.99000000e-05 
 9.50000000e+01  1.36527149e-06  9.50000000e+01  2.61179460e+02  9.50000000e+01 -3.99000000e-05 
 9.60000000e+01  1.36527149e-06  9.60000000e+01  2.61179460e+02  9.60000000e+01 -3.99000000e-05 
 9.70000000e+01  1.36527149e-06  9.70000000e+01  2.61179460e+02  9.70000000e+01 -3.99000000e-05 
 9.80000000e+01  1.36527149e-06  9.80000000e+01  2.61179460e+02  9.80000000e+01 -3.99000000e-05 
 9.90000000e+01  1.36527149e-06  9.90000000e+01  2.61179460e+02  9.90000000e+01 -3.99000000e-05 
 1.00000000e+02  1.36527149e-06  1.00000000e+02  2.61179460e+02  1.00000000e+02 -3.99000000e-05 
 1.01000000e+02  1.36527149e-06  1.01000000e+02  2.61179460e+02  1.01000000e+02 -3.99000000e-05 
 1.02000000e+02  1.36527149e-06  1.02000000e+02  2.61179460e+02  1.02000000e+02 -3.99000000e-05 
 1.03000000e+02  1.36527149e-06  1.03000000e+02  2.61179460e+02  1.03000000e+02 -3.99000000e-05 
 1.04000000e+02  1.36527149e-06  1.04000000e+02  2.61179460e+02  1.04000000e+02 -3.99000000e-05 
 1.05000000e+02  1.36527149e-06  1.05000000e+02  2.61179460e+02  1.05000000e+02 -3.99000000e-05 
 1.06000000e+02  1.36527149e-06  1.06000000e+02  2.61179460e+02  1.06000000e+02 -3.99000000e-05 
 1.07000000e+02  1.36527149e-06  1.07000000e+02  2.61179460e+02  1.07000000e+02 -3.99000000e-05 
 1.08000000e+02  1.36527149e-06  1.08000000e+02  2.61179460e+02  1.08000000e+02 -3.99000000e-05 
 1.09000000e+02  1.36527149e-06  1.09000000e+02  2.61179460e+02  1.09000000e+02 -3.99000000e-05 
 1.10000000e+02  1.36527149e-06  1.10000000e+02  2.61179460e+02  1.10000000e+02 -3.99000000e-05 
 1.11000000e+02  1.36527149e-06  1.11000000e+02  2.61179460e+02  1.11000000e+02 -3.99000000e-05 
 1.12000000e+02  1.36527149e-06  1.12000000e+02  2.61179460e+02  1.12000000e+02 -3.99000000e-05 
 1.13000000e+02  1.36527149e-06  1.13000000e+02  2.61179460e+02  1.13000000e+02 -3.99000000e-05 
 1.14000000e+02  1.36527149e-06  1.14000000e+02  2.61179460e+02  1.14000000e+02 -3.99000000e-05 
 1.15000000e+02  1.36527149e-06  1.15000000e+02  2.61179460e+02  1.15000000e+02 -3.99000000e-05 
 1.16000000e+02  1.36527149e-06  1.16000000e+02  2.61179460e+02  1.16000000e+02 -3.99000000e-05 
 1.17000000e+02  1.36527149e-06  1.17000000e+02  2.61179460e+02  1.17000000e+02 -3.99000000e-05 
 1.18000000e+02  1.36527149e-06  1.18000000e+02  2.61179460e+02  1.18000000e+02 -3.99000000e-05 
 1.19000000e+02  1.36527149e-06  1.19000000e+02  2.61179460e+02  1.19000000e+02 -3.99000000e-05 
 1.20000000e+02  1.36527149e-06  1.20000000e+02  2.61179460e+02  1.20000000e+02 -3.99000000e-05 
 1.21000000e+02  1.36527149e-06  1.21000000e+02  2.61179460e+02  1.21000000e+02 -3.99000000e-05 
 1.22000000e+02  1.36527149e-06  1.22000000e+02  2.61179460e+02  1.22000000e+02 -3.99000000e-05 
 1.23000000e+02  1.36527149e-06  1.23000000e+02  2.61179460e+02  1.23000000e+02 -3.99000000e-05 
 1.24000000e+02  1.36527149e-06  1.24000000e+02  2.61179460e+02  1.24000000e+02 -3.99000000e-05 
 1.25000000e+02  1.36527149e-06  1.25000000e+02  2.61179460e+02  1.25000000e+02 -3.99000000e-05 
