 1.00000000e+00 -9.92872389e+01 
 1.01000000e+00 -9.92523969e+01 
 1.02000000e+00 -9.92053743e+01 
 1.03000000e+00 -9.91419495e+01 
 1.04000000e+00 -9.90564788e+01 
 1.05000000e+00 -9.89414453e+01 
 1.06000000e+00 -9.87868952e+01 
 1.07000000e+00 -9.85797414e+01 
 1.08000000e+00 -9.83029489e+01 
 1.09000000e+00 -9.79346223e+01 
 1.10000000e+00 -9.74470808e+01 
 1.11000000e+00 -9.68060695e+01 
 1.12000000e+00 -9.59703763e+01 
 1.13000000e+00 -9.48922586e+01 
 1.14000000e+00 -9.35191756e+01 
 1.15000000e+00 -9.17973101e+01 
 1.16000000e+00 -8.96771375e+01 
 1.17000000e+00 -8.71207444e+01 
 1.18000000e+00 -8.41098218e+01 
 1.19000000e+00 -8.06525119e+01 
 1.20000000e+00 -7.67870581e+01 
 1.21000000e+00 -7.25807806e+01 
 1.22000000e+00 -6.81242315e+01 
 1.23000000e+00 -6.35218087e+01 
 1.24000000e+00 -5.88810240e+01 
 1.25000000e+00 -5.43026441e+01 
 1.26000000e+00 -4.98732803e+01 
 1.27000000e+00 -4.56610510e+01 
 1.28000000e+00 -4.17141753e+01 
 1.29000000e+00 -3.80618669e+01 
 1.30000000e+00 -3.47167458e+01 
 1.31000000e+00 -3.16780315e+01 
 1.32000000e+00 -2.89349283e+01 
 1.33000000e+00 -2.64698005e+01 
 1.34000000e+00 -2.42609011e+01 
 1.35000000e+00 -2.22845502e+01 
 1.36000000e+00 -2.05158426e+01 
 1.37000000e+00 -1.89343524e+01 
 1.38000000e+00 -1.75156143e+01 
 1.39000000e+00 -1.62408494e+01 
 1.40000000e+00 -1.50923010e+01 
 1.41000000e+00 -1.40543135e+01 
 1.42000000e+00 -1.31131680e+01 
 1.43000000e+00 -1.22569348e+01 
 1.44000000e+00 -1.14752922e+01 
 1.45000000e+00 -1.07593397e+01 
 1.46000000e+00 -1.01014182e+01 
 1.47000000e+00 -9.49494502e+00 
 1.48000000e+00 -8.93426318e+00 
 1.49000000e+00 -8.41450798e+00 
 1.50000000e+00 -7.93148810e+00 
 1.51000000e+00 -7.48158022e+00 
 1.52000000e+00 -7.06163487e+00 
 1.53000000e+00 -6.66889188e+00 
 1.54000000e+00 -6.30090407e+00 
 1.55000000e+00 -5.95546846e+00 
 1.56000000e+00 -5.63056343e+00 
 1.57000000e+00 -5.32429194e+00 
 1.58000000e+00 -5.03482914e+00 
 1.59000000e+00 -4.76037258e+00 
 1.60000000e+00 -4.49909197e+00 
 1.61000000e+00 -4.24907283e+00 
 1.62000000e+00 -4.00824445e+00 
 1.63000000e+00 -3.77426001e+00 
 1.64000000e+00 -3.54440499e+00 
 1.65000000e+00 -3.31516945e+00 
 1.66000000e+00 -3.08176570e+00 
 1.67000000e+00 -2.83695680e+00 
 1.68000000e+00 -2.56799488e+00 
 1.69000000e+00 -2.24750202e+00 
 1.70000000e+00 -1.77404658e+00 
 1.71000000e+00  8.06698165e-01 
 1.72000000e+00  1.48555931e+00 
 1.73000000e+00  1.55339599e+00 
 1.74000000e+00  1.57047360e+00 
 1.75000000e+00  1.57612747e+00 
 1.76000000e+00  1.57841085e+00 
 1.77000000e+00  1.57980966e+00 
 1.78000000e+00  1.58076313e+00 
 1.79000000e+00  1.58147211e+00 
 1.80000000e+00  1.58203296e+00 
 1.81000000e+00  1.58249612e+00 
 1.82000000e+00  1.58289058e+00 
 1.83000000e+00  1.58323427e+00 
 1.84000000e+00  1.58353897e+00 
 1.85000000e+00  1.58381276e+00 
 1.86000000e+00  1.58406144e+00 
 1.87000000e+00  1.58428930e+00 
 1.88000000e+00  1.58449959e+00 
 1.89000000e+00  1.58469487e+00 
 1.90000000e+00  1.58487713e+00 
 1.91000000e+00  1.58504802e+00 
 1.92000000e+00  1.58520886e+00 
 1.93000000e+00  1.58536076e+00 
 1.94000000e+00  1.58550467e+00 
 1.95000000e+00  1.58564136e+00 
 1.96000000e+00  1.58577153e+00 
 1.97000000e+00  1.58589575e+00 
 1.98000000e+00  1.58601453e+00 
 1.99000000e+00  1.58612833e+00 
 2.00000000e+00  1.58623754e+00 
 2.01000000e+00  1.58634250e+00 
 2.02000000e+00  1.58644354e+00 
 2.03000000e+00  1.58654091e+00 
 2.04000000e+00  1.58663489e+00 
 2.05000000e+00  1.58672568e+00 
 2.06000000e+00  1.58681350e+00 
 2.07000000e+00  1.58689853e+00 
 2.08000000e+00  1.58698094e+00 
 2.09000000e+00  1.58706088e+00 
 2.10000000e+00  1.58713849e+00 
 2.11000000e+00  1.58721391e+00 
 2.12000000e+00  1.58728725e+00 
 2.13000000e+00  1.58735861e+00 
 2.14000000e+00  1.58742811e+00 
 2.15000000e+00  1.58749584e+00 
 2.16000000e+00  1.58756188e+00 
 2.17000000e+00  1.58762631e+00 
 2.18000000e+00  1.58768921e+00 
 2.19000000e+00  1.58775065e+00 
 2.20000000e+00  1.58781069e+00 
 2.21000000e+00  1.58786939e+00 
 2.22000000e+00  1.58792682e+00 
 2.23000000e+00  1.58798302e+00 
 2.24000000e+00  1.58803805e+00 
 2.25000000e+00  1.58809194e+00 
 2.26000000e+00  1.58814475e+00 
 2.27000000e+00  1.58819652e+00 
 2.28000000e+00  1.58824728e+00 
 2.29000000e+00  1.58829707e+00 
 2.30000000e+00  1.58834593e+00 
 2.31000000e+00  1.58839388e+00 
 2.32000000e+00  1.58844097e+00 
 2.33000000e+00  1.58848720e+00 
 2.34000000e+00  1.58853262e+00 
 2.35000000e+00  1.58857725e+00 
 2.36000000e+00  1.58862111e+00 
 2.37000000e+00  1.58866422e+00 
 2.38000000e+00  1.58870661e+00 
 2.39000000e+00  1.58874830e+00 
 2.40000000e+00  1.58878929e+00 
 2.41000000e+00  1.58882962e+00 
 2.42000000e+00  1.58886929e+00 
 2.43000000e+00  1.58890833e+00 
 2.44000000e+00  1.58894674e+00 
 2.45000000e+00  1.58898455e+00 
 2.46000000e+00  1.58902175e+00 
 2.47000000e+00  1.58905837e+00 
 2.48000000e+00  1.58909442e+00 
 2.49000000e+00  1.58912990e+00 
 2.50000000e+00  1.58916483e+00 
 2.51000000e+00  1.58919921e+00 
 2.52000000e+00  1.58923305e+00 
 2.53000000e+00  1.58926636e+00 
 2.54000000e+00  1.58929914e+00 
 2.55000000e+00  1.58933141e+00 
 2.56000000e+00  1.58936316e+00 
 2.57000000e+00  1.58939440e+00 
 2.58000000e+00  1.58942514e+00 
 2.59000000e+00  1.58945538e+00 
 2.60000000e+00  1.58948513e+00 
 2.61000000e+00  1.58951437e+00 
 2.62000000e+00  1.58954313e+00 
 2.63000000e+00  1.58957139e+00 
 2.64000000e+00  1.58959917e+00 
 2.65000000e+00  1.58962645e+00 
 2.66000000e+00  1.58965325e+00 
 2.67000000e+00  1.58967956e+00 
 2.68000000e+00  1.58970539e+00 
 2.69000000e+00  1.58973072e+00 
 2.70000000e+00  1.58975556e+00 
 2.71000000e+00  1.58977991e+00 
 2.72000000e+00  1.58980377e+00 
 2.73000000e+00  1.58982713e+00 
 2.74000000e+00  1.58985000e+00 
 2.75000000e+00  1.58987236e+00 
 2.76000000e+00  1.58989421e+00 
 2.77000000e+00  1.58991556e+00 
 2.78000000e+00  1.58993640e+00 
 2.79000000e+00  1.58995672e+00 
 2.80000000e+00  1.58997653e+00 
 2.81000000e+00  1.58999581e+00 
 2.82000000e+00  1.59001456e+00 
 2.83000000e+00  1.59003277e+00 
 2.84000000e+00  1.59005045e+00 
 2.85000000e+00  1.59006758e+00 
 2.86000000e+00  1.59008417e+00 
 2.87000000e+00  1.59010019e+00 
 2.88000000e+00  1.59011566e+00 
 2.89000000e+00  1.59013056e+00 
 2.90000000e+00  1.59014489e+00 
 2.91000000e+00  1.59015863e+00 
 2.92000000e+00  1.59017179e+00 
 2.93000000e+00  1.59018436e+00 
 2.94000000e+00  1.59019632e+00 
 2.95000000e+00  1.59020768e+00 
 2.96000000e+00  1.59021843e+00 
 2.97000000e+00  1.59022855e+00 
 2.98000000e+00  1.59023805e+00 
 2.99000000e+00  1.59024691e+00 
 3.00000000e+00  1.59025513e+00 
