 1.00000000e+00 -9.43768223e+02 
 1.01000000e+00 -9.39886514e+02 
 1.02000000e+00 -9.34762199e+02 
 1.03000000e+00 -9.28049460e+02 
 1.04000000e+00 -9.19341276e+02 
 1.05000000e+00 -9.08180429e+02 
 1.06000000e+00 -8.94084956e+02 
 1.07000000e+00 -8.76590443e+02 
 1.08000000e+00 -8.55307145e+02 
 1.09000000e+00 -8.29983625e+02 
 1.10000000e+00 -8.00562627e+02 
 1.11000000e+00 -7.67214273e+02 
 1.12000000e+00 -7.30337011e+02 
 1.13000000e+00 -6.90526050e+02 
 1.14000000e+00 -6.48517608e+02 
 1.15000000e+00 -6.05122075e+02 
 1.16000000e+00 -5.61158796e+02 
 1.17000000e+00 -5.17401508e+02 
 1.18000000e+00 -4.74538683e+02 
 1.19000000e+00 -4.33149234e+02 
 1.20000000e+00 -3.93691668e+02 
 1.21000000e+00 -3.56503854e+02 
 1.22000000e+00 -3.21810348e+02 
 1.23000000e+00 -2.89734665e+02 
 1.24000000e+00 -2.60314200e+02 
 1.25000000e+00 -2.33516174e+02 
 1.26000000e+00 -2.09253260e+02 
 1.27000000e+00 -1.87398121e+02 
 1.28000000e+00 -1.67796250e+02 
 1.29000000e+00 -1.50276913e+02 
 1.30000000e+00 -1.34662083e+02 
 1.31000000e+00 -1.20773451e+02 
 1.32000000e+00 -1.08437707e+02 
 1.33000000e+00 -9.74902615e+01 
 1.34000000e+00 -8.77776943e+01 
 1.35000000e+00 -7.91591463e+01 
 1.36000000e+00 -7.15068882e+01 
 1.37000000e+00 -6.47062708e+01 
 1.38000000e+00 -5.86552380e+01 
 1.39000000e+00 -5.32635468e+01 
 1.40000000e+00 -4.84518122e+01 
 1.41000000e+00 -4.41504785e+01 
 1.42000000e+00 -4.02987736e+01 
 1.43000000e+00 -3.68437006e+01 
 1.44000000e+00 -3.37390976e+01 
 1.45000000e+00 -3.09447791e+01 
 1.46000000e+00 -2.84257649e+01 
 1.47000000e+00 -2.61515985e+01 
 1.48000000e+00 -2.40957451e+01 
 1.49000000e+00 -2.22350650e+01 
 1.50000000e+00 -2.05487141e+01 
 1.51000000e+00 -1.90209194e+01 
 1.52000000e+00 -1.76342171e+01 
 1.53000000e+00 -1.63756009e+01 
 1.54000000e+00 -1.52329258e+01 
 1.55000000e+00 -1.41953946e+01 
 1.56000000e+00 -1.32533155e+01 
 1.57000000e+00 -1.23979334e+01 
 1.58000000e+00 -1.16212879e+01 
 1.59000000e+00 -1.09161016e+01 
 1.60000000e+00 -1.02756946e+01 
 1.61000000e+00 -9.69392157e+00 
 1.62000000e+00 -9.16512541e+00 
 1.63000000e+00 -8.68410270e+00 
 1.64000000e+00 -8.24607818e+00 
 1.65000000e+00 -7.84668259e+00 
 1.66000000e+00 -7.48193270e+00 
 1.67000000e+00 -7.14821112e+00 
 1.68000000e+00 -6.84224552e+00 
 1.69000000e+00 -6.56108620e+00 
 1.70000000e+00 -6.30208332e+00 
 1.71000000e+00 -6.06286305e+00 
 1.72000000e+00 -5.84130365e+00 
 1.73000000e+00 -5.63551213e+00 
 1.74000000e+00 -5.44380161e+00 
 1.75000000e+00 -5.26466973e+00 
 1.76000000e+00 -5.09677857e+00 
 1.77000000e+00 -4.93893605e+00 
 1.78000000e+00 -4.79007875e+00 
 1.79000000e+00 -4.64925660e+00 
 1.80000000e+00 -4.51561872e+00 
 1.81000000e+00 -4.38840089e+00 
 1.82000000e+00 -4.26691420e+00 
 1.83000000e+00 -4.15053489e+00 
 1.84000000e+00 -4.03869512e+00 
 1.85000000e+00 -3.93087466e+00 
 1.86000000e+00 -3.82659326e+00 
 1.87000000e+00 -3.72540350e+00 
 1.88000000e+00 -3.62688402e+00 
 1.89000000e+00 -3.53063296e+00 
 1.90000000e+00 -3.43626123e+00 
 1.91000000e+00 -3.34338544e+00 
 1.92000000e+00 -3.25162037e+00 
 1.93000000e+00 -3.16057040e+00 
 1.94000000e+00 -3.06981932e+00 
 1.95000000e+00 -2.97891698e+00 
 1.96000000e+00 -2.88736203e+00 
 1.97000000e+00 -2.79457828e+00 
 1.98000000e+00 -2.69988081e+00 
 1.99000000e+00 -2.60242586e+00 
 2.00000000e+00 -2.50113231e+00 
 2.01000000e+00 -2.39455300e+00 
 2.02000000e+00 -2.28064953e+00 
 2.03000000e+00 -2.15636685e+00 
 2.04000000e+00 -2.01674323e+00 
 2.05000000e+00 -1.85277061e+00 
 2.06000000e+00 -1.64324376e+00 
 2.07000000e+00 -1.32565989e+00 
 2.08000000e+00 -1.36555258e-01 
 2.09000000e+00  1.29546553e+00 
 2.10000000e+00  1.50829789e+00 
 2.11000000e+00  1.55420434e+00 
 2.12000000e+00  1.56511155e+00 
 2.13000000e+00  1.56896455e+00 
 2.14000000e+00  1.57093418e+00 
 2.15000000e+00  1.57216286e+00 
 2.16000000e+00  1.57304329e+00 
 2.17000000e+00  1.57372399e+00 
 2.18000000e+00  1.57427865e+00 
 2.19000000e+00  1.57474760e+00 
 2.20000000e+00  1.57515478e+00 
 2.21000000e+00  1.57551541e+00 
 2.22000000e+00  1.57583969e+00 
 2.23000000e+00  1.57613476e+00 
 2.24000000e+00  1.57640581e+00 
 2.25000000e+00  1.57665672e+00 
 2.26000000e+00  1.57689050e+00 
 2.27000000e+00  1.57710948e+00 
 2.28000000e+00  1.57731554e+00 
 2.29000000e+00  1.57751024e+00 
 2.30000000e+00  1.57769481e+00 
 2.31000000e+00  1.57787034e+00 
 2.32000000e+00  1.57803770e+00 
 2.33000000e+00  1.57819766e+00 
 2.34000000e+00  1.57835088e+00 
 2.35000000e+00  1.57849794e+00 
 2.36000000e+00  1.57863931e+00 
 2.37000000e+00  1.57877545e+00 
 2.38000000e+00  1.57890674e+00 
 2.39000000e+00  1.57903353e+00 
 2.40000000e+00  1.57915611e+00 
 2.41000000e+00  1.57927477e+00 
 2.42000000e+00  1.57938976e+00 
 2.43000000e+00  1.57950129e+00 
 2.44000000e+00  1.57960956e+00 
 2.45000000e+00  1.57971477e+00 
 2.46000000e+00  1.57981708e+00 
 2.47000000e+00  1.57991664e+00 
 2.48000000e+00  1.58001359e+00 
 2.49000000e+00  1.58010806e+00 
 2.50000000e+00  1.58020017e+00 
 2.51000000e+00  1.58029003e+00 
 2.52000000e+00  1.58037774e+00 
 2.53000000e+00  1.58046339e+00 
 2.54000000e+00  1.58054706e+00 
 2.55000000e+00  1.58062884e+00 
 2.56000000e+00  1.58070880e+00 
 2.57000000e+00  1.58078700e+00 
 2.58000000e+00  1.58086352e+00 
 2.59000000e+00  1.58093840e+00 
 2.60000000e+00  1.58101171e+00 
 2.61000000e+00  1.58108350e+00 
 2.62000000e+00  1.58115381e+00 
 2.63000000e+00  1.58122268e+00 
 2.64000000e+00  1.58129016e+00 
 2.65000000e+00  1.58135629e+00 
 2.66000000e+00  1.58142110e+00 
 2.67000000e+00  1.58148462e+00 
 2.68000000e+00  1.58154689e+00 
 2.69000000e+00  1.58160793e+00 
 2.70000000e+00  1.58166777e+00 
 2.71000000e+00  1.58172643e+00 
 2.72000000e+00  1.58178394e+00 
 2.73000000e+00  1.58184032e+00 
 2.74000000e+00  1.58189559e+00 
 2.75000000e+00  1.58194976e+00 
 2.76000000e+00  1.58200286e+00 
 2.77000000e+00  1.58205489e+00 
 2.78000000e+00  1.58210587e+00 
 2.79000000e+00  1.58215581e+00 
 2.80000000e+00  1.58220473e+00 
 2.81000000e+00  1.58225264e+00 
 2.82000000e+00  1.58229953e+00 
 2.83000000e+00  1.58234543e+00 
 2.84000000e+00  1.58239034e+00 
 2.85000000e+00  1.58243426e+00 
 2.86000000e+00  1.58247721e+00 
 2.87000000e+00  1.58251917e+00 
 2.88000000e+00  1.58256017e+00 
 2.89000000e+00  1.58260020e+00 
 2.90000000e+00  1.58263926e+00 
 2.91000000e+00  1.58267736e+00 
 2.92000000e+00  1.58271450e+00 
 2.93000000e+00  1.58275067e+00 
 2.94000000e+00  1.58278587e+00 
 2.95000000e+00  1.58282012e+00 
 2.96000000e+00  1.58285339e+00 
 2.97000000e+00  1.58288570e+00 
 2.98000000e+00  1.58291703e+00 
 2.99000000e+00  1.58294739e+00 
 3.00000000e+00  1.58297678e+00 
